{
  "camera_angle_x": 0.9652488922992138,
  "camera_angle_y": 1.219573613317587,
  "fl_x": 1374.1738293351118,
  "fl_y": 1374.1738293351118,
  "k1": 0,
  "k2": 0,
  "p1": 0,
  "p2": 0,
  "cx": 720.0,
  "cy": 960.0,
  "w": 1440.0,
  "h": 1920.0,
  "aabb_scale": 16,
  "frames": [
    {
      "file_path": "./images/1.jpg",
      "sharpness": 962.0187926513378,
      "transform_matrix": [
        [
          -0.07487562038335385,
          0.04032115785534028,
          0.9963773610917991,
          3.8043692656989094
        ],
        [
          0.9956021491141527,
          0.059437831610490856,
          0.07241204908494096,
          0.33757232205827564
        ],
        [
          -0.05630277214729704,
          0.9974173391301481,
          -0.04459427593162463,
          -0.25137515126505744
        ],
        [
          0.0,
          0.0,
          0.0,
          1.0
        ]
      ]
    },
    {
      "file_path": "./images/10.jpg",
      "sharpness": 1327.4420826962155,
      "transform_matrix": [
        [
          -0.38143726757117685,
          0.10576914026166587,
          0.9183237445862907,
          3.699390265456689
        ],
        [
          0.9036486017542594,
          -0.16662267362000838,
          0.3945327479224616,
          1.6951841594163182
        ],
        [
          0.19474294712453677,
          0.9803314610880288,
          -0.0320220383651845,
          0.2191728239908429
        ],
        [
          0.0,
          0.0,
          0.0,
          1.0
        ]
      ]
    },
    {
      "file_path": "./images/11.jpg",
      "sharpness": 904.3303937991827,
      "transform_matrix": [
        [
          -0.337376727246232,
          0.09536791037507367,
          0.9365265108784472,
          3.580175964971791
        ],
        [
          0.9125508240211695,
          -0.2111452220221405,
          0.35024090108875333,
          1.2836451406277387
        ],
        [
          0.23114484093376753,
          0.9727911681768925,
          -0.015792581218441737,
          -0.3572018600559532
        ],
        [
          0.0,
          0.0,
          0.0,
          1.0
        ]
      ]
    },
    {
      "file_path": "./images/12.jpg",
      "sharpness": 939.4815922733887,
      "transform_matrix": [
        [
          -0.39853093063648115,
          0.1266068394415664,
          0.9083742651173482,
          3.492615258451494
        ],
        [
          0.8770722213882175,
          -0.23698851071451826,
          0.4178286302521749,
          1.5987679602223202
        ],
        [
          0.26817422656598205,
          0.9632274674193276,
          -0.0165960901867454,
          -0.2185488186956679
        ],
        [
          0.0,
          0.0,
          0.0,
          1.0
        ]
      ]
    },
    {
      "file_path": "./images/13.jpg",
      "sharpness": 1003.5511600321315,
      "transform_matrix": [
        [
          -0.1869907265367651,
          0.030121735209956403,
          0.9818997653793582,
          3.810015813053691
        ],
        [
          0.9784243498971102,
          -0.08368993363966667,
          0.18889623219048512,
          0.7936982981202034
        ],
        [
          0.08786500849360297,
          0.9960364833027799,
          -0.013822597695479584,
          -0.4244384011293537
        ],
        [
          0.0,
          0.0,
          0.0,
          1.0
        ]
      ]
    },
    {
      "file_path": "./images/14.jpg",
      "sharpness": 1094.0770145874,
      "transform_matrix": [
        [
          -0.09136346288673891,
          -0.028829197002618556,
          0.9954002185273882,
          4.189481782387185
        ],
        [
          0.9910964796512565,
          0.09458646111663009,
          0.09370789399125187,
          0.19221416051483
        ],
        [
          -0.09685290740180022,
          0.9950991301214498,
          0.019930769030650577,
          0.12496584185147303
        ],
        [
          0.0,
          0.0,
          0.0,
          1.0
        ]
      ]
    },
    {
      "file_path": "./images/15.jpg",
      "sharpness": 1008.6594812728316,
      "transform_matrix": [
        [
          -0.09525647732662969,
          0.023403622148459386,
          0.995177609270073,
          3.995338091488997
        ],
        [
          0.9919224118708677,
          0.08635331286898033,
          0.09291412263369432,
          0.2848665900969639
        ],
        [
          -0.08376235643512787,
          0.995989646443035,
          -0.03144028971739769,
          -0.2424617350528787
        ],
        [
          0.0,
          0.0,
          0.0,
          1.0
        ]
      ]
    },
    {
      "file_path": "./images/16.jpg",
      "sharpness": 1135.8206401782375,
      "transform_matrix": [
        [
          -0.09137342758170147,
          -0.028881834461852336,
          0.995397777958608,
          4.189239426622374
        ],
        [
          0.9910948602411713,
          0.09458850447742313,
          0.0937229578289858,
          0.19226175491016523
        ],
        [
          -0.09686007813054677,
          0.9950974095301889,
          0.0199817618255489,
          0.1251619656544533
        ],
        [
          0.0,
          0.0,
          0.0,
          1.0
        ]
      ]
    },
    {
      "file_path": "./images/17.jpg",
      "sharpness": 1288.1304026257494,
      "transform_matrix": [
        [
          -0.12867604172220046,
          -0.10860538402770792,
          0.985721739053038,
          4.066734072868011
        ],
        [
          0.9859490280305707,
          0.09275860353816123,
          0.1389257197036604,
          0.6982359897210515
        ],
        [
          -0.10652225313150933,
          0.9897478022328212,
          0.09514356288203596,
          0.43080575509524766
        ],
        [
          0.0,
          0.0,
          0.0,
          1.0
        ]
      ]
    },
    {
      "file_path": "./images/18.jpg",
      "sharpness": 1093.5097221016592,
      "transform_matrix": [
        [
          -0.2876959763993672,
          -0.08398842349784913,
          0.9540319543269006,
          3.7904228217442504
        ],
        [
          0.9574685742899398,
          -0.002317902643918751,
          0.2885282595769078,
          1.0288760779352115
        ],
        [
          -0.022021680467125365,
          0.9964640344942113,
          0.08108312736768615,
          0.3669988984501641
        ],
        [
          0.0,
          0.0,
          0.0,
          1.0
        ]
      ]
    },
    {
      "file_path": "./images/19.jpg",
      "sharpness": 955.1363021506801,
      "transform_matrix": [
        [
          -0.38228211249576466,
          -0.13482718020244872,
          0.9141564515657463,
          3.3951134676878043
        ],
        [
          0.9240456120534813,
          -0.05610568430049581,
          0.37814264376533463,
          1.1732655244661023
        ],
        [
          0.0003054668996300824,
          0.9892794264830539,
          0.14603466376903074,
          -0.05665819118383071
        ],
        [
          0.0,
          0.0,
          0.0,
          1.0
        ]
      ]
    },
    {
      "file_path": "./images/2.jpg",
      "sharpness": 897.5127683106955,
      "transform_matrix": [
        [
          -0.07946889959569073,
          0.032638579393732485,
          0.9963028741939138,
          3.877213265522061
        ],
        [
          0.9943318360632288,
          0.0734136457323437,
          0.07690667338645286,
          0.25372768166928206
        ],
        [
          -0.0706321016829562,
          0.9967673548778929,
          -0.03828768021672274,
          -0.10120020215846487
        ],
        [
          0.0,
          0.0,
          0.0,
          1.0
        ]
      ]
    },
    {
      "file_path": "./images/3.jpg",
      "sharpness": 1223.5634395600114,
      "transform_matrix": [
        [
          -0.08312757608096451,
          0.02372797598094807,
          0.9962563873047918,
          3.938164481878949
        ],
        [
          0.9923736852524845,
          0.09327924038854893,
          0.08058195909069561,
          0.25402351876239426
        ],
        [
          -0.09101799225022923,
          0.9953572054610479,
          -0.03130109611996957,
          -0.03068966920663741
        ],
        [
          0.0,
          0.0,
          0.0,
          1.0
        ]
      ]
    },
    {
      "file_path": "./images/4.jpg",
      "sharpness": 1003.5292241489734,
      "transform_matrix": [
        [
          -0.08827130919730473,
          0.04440958761622604,
          0.9951060066622023,
          3.9170018683781755
        ],
        [
          0.9919129688086058,
          0.09538197509536844,
          0.08373136291832797,
          0.26069461068017
        ],
        [
          -0.0911967010469582,
          0.994449630373257,
          -0.052469937711469565,
          -0.06757921990237595
        ],
        [
          0.0,
          0.0,
          0.0,
          1.0
        ]
      ]
    },
    {
      "file_path": "./images/5.jpg",
      "sharpness": 1240.2986555347163,
      "transform_matrix": [
        [
          -0.08486406534434286,
          0.024527730453517256,
          0.9960905987142311,
          3.942973915994166
        ],
        [
          0.9920835581153616,
          0.09495214167757933,
          0.08218457585193073,
          0.25977843338151285
        ],
        [
          -0.0925651345288857,
          0.9951796225930701,
          -0.03239158285673131,
          -0.025153063423253418
        ],
        [
          0.0,
          0.0,
          0.0,
          1.0
        ]
      ]
    },
    {
      "file_path": "./images/6.jpg",
      "sharpness": 1378.922005116704,
      "transform_matrix": [
        [
          -0.22162637007920802,
          -0.08345479077965877,
          0.9715539357010922,
          4.046274639336878
        ],
        [
          0.9746037045894299,
          0.013824113476093603,
          0.2235095364567603,
          0.9731088674208298
        ],
        [
          -0.032083813457534686,
          0.9964156721857235,
          0.07827156017032155,
          0.3537501689183345
        ],
        [
          0.0,
          0.0,
          0.0,
          1.0
        ]
      ]
    },
    {
      "file_path": "./images/7.jpg",
      "sharpness": 1369.274059741896,
      "transform_matrix": [
        [
          -0.15025961511951008,
          -0.08125759085459958,
          0.9853016045797791,
          4.036896257800431
        ],
        [
          0.9859045335533286,
          0.06185940905862422,
          0.15545309334287274,
          0.7572279686244151
        ],
        [
          -0.07358191885975641,
          0.9947716408474109,
          0.070817256212502,
          0.31644292081969644
        ],
        [
          0.0,
          0.0,
          0.0,
          1.0
        ]
      ]
    },
    {
      "file_path": "./images/8.jpg",
      "sharpness": 1322.6489937396502,
      "transform_matrix": [
        [
          -0.2623961890443788,
          -0.01730422564023176,
          0.9648050599705742,
          4.045170310599273
        ],
        [
          0.9648657150899225,
          -0.018698385172620315,
          0.26207732110181764,
          1.3031728101478088
        ],
        [
          0.013505251528289491,
          0.9996754144029605,
          0.021602639057019066,
          0.4060858440051105
        ],
        [
          0.0,
          0.0,
          0.0,
          1.0
        ]
      ]
    },
    {
      "file_path": "./images/9.jpg",
      "sharpness": 1344.4918867306546,
      "transform_matrix": [
        [
          -0.34178339262880386,
          0.020254345806197033,
          0.9395604685138431,
          3.8179567229776747
        ],
        [
          0.9357737621185901,
          -0.08486692710362392,
          0.34223540263152946,
          1.5701494265730946
        ],
        [
          0.08666936398283313,
          0.996186411348193,
          0.010052620893142064,
          0.4084353471675066
        ],
        [
          0.0,
          0.0,
          0.0,
          1.0
        ]
      ]
    }
  ]
}